D 3.00 
F 2.00 
M 2.00 
S 3.00 
sd 
62.54 96.65 2.14 
sf 
33.26 47.50 
sm 
96.11 67.45 
ss 
64.12 1.10 95.53 
cd 
48.16 42.29 16.78 
33.71 18.05 23.10 
cf 
16.65 42.62 
18.23 29.21 
cm 
10.27 28.35 
7.09 1.01 
19.10 30.96 
ud 
16.64 47.42 8.15 
uf 
39.66 9.79 
um 
22.57 34.91 
ps 
69.63 26.28 32.75 
xdminmax 
0.00 21.58 0.00 19.02 0.00 15.32 
0.00 18.76 0.00 20.45 0.00 18.66 
xfminmax 
0.00 13.31 0.00 15.29 
0.00 19.81 0.00 16.46 
xmminmax 
0.00 22.78 0.00 20.64 
0.00 17.37 0.00 15.15 
0.00 18.83 0.00 23.44 
